0.00000
0.00000
0.00000
0.00000
0.00000
0.00000
0.00000
0.00000
0.00000
0.00000
0.00000
0.00000
0.00000
0.00000
0.00000
0.00000
0.00000
0.00000
0.00000
0.00000
0.56630
0.56778
0.55567
0.57228
0.00000
0.00000
0.00000
0.00000
0.00000
0.00000
0.00000
0.00000
0.00000
0.00000
0.00000
0.00000
0.00000
0.00000
0.00000
0.00000
0.00000
0.00000
0.00000
1.75250
1.76019
1.75183
1.76239
0.00000
0.00000
0.00000
0.00000
0.00000
0.00000
0.00000
0.00000
0.00000
0.00000
0.00000
0.00000
0.00000
0.00000
0.00000
0.00000
0.00000
0.00000
1.38800
1.40125
1.38764
1.40127
0.00000
0.00000
0.00000
0.00000
0.00000
0.00000
0.00000
0.00000
0.00000
0.00000
0.00000
0.00000
0.00000
0.00000
0.00000
0.00000
0.00000
0.00000
0.00000
0.00000
0.00000
0.00000
0.00000
0.00000
0.00000
0.00000
0.00000
0.00000
0.00000
0.00000
0.00000
0.00000
0.00000
0.00000
0.00000
0.00000
0.00000
0.06090
0.06272
0.06135
0.06221
0.00000
0.00000
0.00000
0.00000
0.00000
0.00000
0.00000
0.00000
0.00000
0.00000
0.00000
0.00000
0.00000
0.00000
0.00000
1.29010
1.29806
1.27412
1.30187
0.00000
0.00000
0.00000
0.00000
0.00000
0.00000
0.00000
0.00000
0.00000
0.00000
0.00000
0.00000
0.00000
0.00000
0.70854
0.71212
0.71493
0.71450
0.00000
0.00000
0.00000
0.00000
0.00000
0.00000
0.00000
0.00000
0.00000
0.00000
0.00000
0.00000
0.00000
0.00000
0.00000
0.00000
0.00000
0.00000
0.00000
0.00000
0.00000
0.00000
0.00000
0.00000
0.00000
0.00000
0.00000
0.00000
0.00000
0.00000
0.00000
0.00000
0.00000
0.00000
0.00000
0.00000
0.00000
0.00000
0.00000
0.00000
0.00000
0.00000
0.00000
0.00000
0.52862
0.54039
0.52394
0.54031
0.00000
0.00000
0.00000
0.00000
0.00000
0.00000
0.00000
0.00000
0.00000
0.00000
0.25114
0.25131
0.25076
0.25346
0.00000
0.00000
0.00000
0.00000
0.00000
0.00000
0.00000
0.00000
0.00000
1.44322
1.45097
1.44520
1.45370
0.00000
0.00000
0.00000
0.00000
0.00000
0.00000
0.00000
0.00000
0.10434
0.10655
0.10601
0.10601
0.00000
0.00000
0.00000
0.00000
0.00000
0.00000
0.00000
0.00351
0.00371
0.00356
0.00364
0.00000
0.00000
0.00000
0.00000
0.00000
0.00000
0.40837
0.41742
0.40446
0.41772
0.00000
0.00000
0.00000
0.00000
0.00000
3.02533
3.04695
3.01535
3.04430
0.00000
0.00000
0.00000
0.00000
1.57299
1.59523
1.56958
1.59570
0.00000
0.00000
0.00000
0.35543
0.36270
0.36010
0.36134
0.00000
0.00000
0.84249
0.84937
0.84900
0.85227
0.00000
0.41982
0.42723
0.42730
0.42438
0.00000
0.00000
0.00000
0.00000
0.00000
0.00000
0.00000
0.00000
0.00000
0.00000
