-28.338056
-24.902280
-26.740900
-25.738124
-26.970546
-24.542915
-25.910803
-24.268415
-25.020935
-24.420696
-24.403545
-23.959921
-24.640549
-25.893820
-23.973524
-25.048487
-24.852224
-23.998518
-24.805650
-25.308100
-26.139027
-24.227804
-22.213296
-26.740900
-20.723188
-22.806388
-23.043392
-23.273038
-23.036034
-21.103574
-22.630647
-20.530296
-22.221666
-26.740900
-22.040617
-24.640549
-22.448555
-24.852224
-21.131127
-22.823539
-21.154716
-20.301011
-23.053185
-23.423778
-21.113976
-20.276017
-20.708950
-21.880270
-22.196312
-20.695397
-24.420696
-22.204516
-21.959309
-21.390739
-24.403545
-22.401362
-24.227804
-20.681397
-24.640549
-22.631008
-20.910682
-24.640549
-24.420696
-20.917712
-20.938235
-25.020935
-22.441520
-21.108143
-23.710944
-25.308100
-23.998518
-20.934863
-20.845407
-20.656402
-23.680977
-24.227804
-24.403545
-21.554282
-25.020935
-26.970546
-21.610593
-22.576698
-21.976459
-25.738124
-25.738124
-25.893820
-21.799489
-26.970546
-22.018531
-21.990979
-26.740900
-23.208493
-20.741971
-25.020935
-23.438139
-21.373589
-23.653424
-22.028774
-21.707591
-21.774495
-26.970546
-23.959921
-21.535102
-24.805650
-25.048487
-21.783567
-22.849458
-25.048487
-22.604251
-24.541870
-20.968562
-23.451331
-24.403545
-25.893820
-26.139027
-22.606621
-22.821905
-21.562655
-21.516081
-21.824179
-23.973524
-21.775694
-21.197848
-26.139027
-25.048487
-25.308100
-21.319817
-25.893820
-24.526309
-23.998518
-25.373389
-21.488528
-23.998518
-23.694791
-24.805650
-24.852224
-22.863864
-24.852224
-22.361414
-21.822268
-22.098678
-25.308100
-21.515685
-26.139027
-24.805650
-24.542915
-21.658846
-21.225793
-24.542915
-23.484713
-22.653194
-22.343885
-21.512958
-24.542915
-25.373389
-22.823539
-23.694791
-23.710944
-22.806388
-25.373389
-19.506418
-23.423778
-21.263137
-22.630647
-23.484713
-17.271055
-18.124760
-23.208493
-24.541870
-21.535102
-20.828802
-23.043392
-22.863864
-20.938235
-23.451331
-22.401362
-20.608949
-21.554282
-20.276017
-23.043392
-19.126032
-20.530296
-23.653424
-17.962910
-22.849458
-19.263355
-21.707591
-22.823539
-20.934863
-20.993903
-22.863864
-21.990979
-22.401362
-20.195144
-21.154716
-23.208493
-17.693232
-18.444494
-17.237356
-21.516081
-23.043392
-23.273038
-21.610593
-19.546742
-24.526309
-21.224749
-21.822268
-23.451331
-17.856775
-23.423778
-17.770018
-18.946503
-17.712015
-20.910682
-24.541870
-21.562655
-18.659338
-20.695397
-21.554282
-19.740632
-18.485729
-20.624510
-22.361414
-18.101171
-20.301011
-22.361414
-19.600691
-22.196312
-18.086060
-22.849458
-18.505146
-21.108143
-21.880270
-22.604251
-22.604251
-23.273038
-21.840983
-21.976459
-22.441520
-21.610593
-21.675882
-21.775694
-20.340081
-20.656402
-23.273038
-19.793583
-18.850314
-21.535102
-20.301011
-19.997283
-19.355678
-24.526309
-21.880270
-19.510986
-18.278952
-20.110435
-22.441520
-21.488528
-17.818178
-18.663906
-21.236740
-19.574295
-22.823539
-18.010084
-23.710944
-22.576698
-20.121018
-20.178537
-18.909113
-23.653424
-22.361414
-19.436034
-21.516081
-20.301011
-22.849458
-18.198564
-22.083820
-19.952307
-19.787206
-20.844363
-21.562655
-21.108143
-23.208493
-21.990979
-19.044292
-18.753611
-23.423778
-22.576698
-22.604251
-20.167592
-22.056268
-21.154716
-22.576698
-22.821905
-22.606621
-21.209188
-19.567352
-22.018531
-23.484713
-21.252302
-17.904907
-21.535102
-21.456029
-21.154716
-23.484713
-17.405432
-20.530296
-18.078186
-18.221759
-22.196312
-18.458572
-22.018531
-22.441520
-21.516081
-23.653424
-19.166356
-21.319817
-21.707591
-17.622310
-17.597339
-20.393822
-22.018531
-17.790231
-21.488528
-19.891372
-24.541870
-18.532699
-25.373389
-21.562655
-23.438139
-19.317052
-18.486125
-20.681397
-23.680977
-21.319817
-23.710944
-21.009464
-21.108143
-22.606621
-23.694791
-21.488528
-20.013436
-22.821905
-21.822268
-20.495776
-17.789711
-16.899719
-14.568607
-19.185917
-13.122155
-15.325374
-17.244765
-16.730833
-16.595399
-13.820549
-15.045098
-14.876695
-15.106675
-19.712736
-17.911406
-16.674659
-16.017153
-21.033851
-14.143852
-12.122650
-19.510360
-17.597339
-16.233399
-20.340081
-15.334022
-19.891096
-19.506418
-20.167592
-14.914900
-13.288909
-17.622310
-18.856097
-19.263355
-16.068508
-18.009017
-14.638725
-18.505146
-12.956566
-16.238829
-20.377669
-19.787206
-14.348132
-15.938150
-14.275279
-21.456029
-21.840983
-20.186772
-19.567352
-14.776321
-14.519576
-20.421375
-21.456029
-21.840983
-20.624510
-19.166356
-19.600691
-22.083820
-17.873342
-19.546742
-11.515870
-20.844363
-19.793583
-22.056268
-20.393822
-19.546742
-19.574295
-17.873758
-18.925782
-17.465227
-20.013436
-21.675882
-16.717674
-13.822924
-11.082887
-13.295416
-13.757506
-17.378000
-16.393765
